STUDY_ID	SAMPLE_ID	EGFR	KRAS	ALK	ERBB2	CD274
luad_tcga_pan_can_atlas_2018	TCGA-05-4244-01	2347.77	1962.13	6.6323	10643.5	261.105
luad_tcga_pan_can_atlas_2018	TCGA-05-4249-01	1615.54	4618.15	7.083	8495.47	67.6109
luad_tcga_pan_can_atlas_2018	TCGA-05-4250-01	792.154	4723.2	1.658	7639.89	404.211
luad_tcga_pan_can_atlas_2018	TCGA-05-4382-01	626.496	1599.75	9.3329	9857.66	117.259
luad_tcga_pan_can_atlas_2018	TCGA-05-4384-01	582.156	1329.26	5.4979	12105.7	32.3763
luad_tcga_pan_can_atlas_2018	TCGA-05-4389-01	301.007	1361.07	7.3826	4722.48	103.691
luad_tcga_pan_can_atlas_2018	TCGA-05-4390-01	1688.63	2207.89	17.2441	7344.72	54.9258
luad_tcga_pan_can_atlas_2018	TCGA-05-4395-01	4113.78	3050.28	0.8053	7303.98	59.5936
luad_tcga_pan_can_atlas_2018	TCGA-05-4396-01	1151.62	3103.11	0	5876.42	23.5027
luad_tcga_pan_can_atlas_2018	TCGA-05-4397-01	297.277	950.414	150.193	1839.43	35.3396
luad_tcga_pan_can_atlas_2018	TCGA-05-4398-01	3457.72	1223.58	13.0492	4845.59	651.588
luad_tcga_pan_can_atlas_2018	TCGA-05-4402-01	3886.06	1464.74	2.4127	9209.48	45.8411
luad_tcga_pan_can_atlas_2018	TCGA-05-4403-01	467.606	1346.4	15.0125	10556.3	47.2616
luad_tcga_pan_can_atlas_2018	TCGA-05-4405-01	2750.55	1144.36	1.3253	7624.9	79.5157
luad_tcga_pan_can_atlas_2018	TCGA-05-4410-01	5409.01	1186.54	5.3517	10733.2	107.034
luad_tcga_pan_can_atlas_2018	TCGA-05-4415-01	7015.47	3100.44	4	3067.56	63.1111
luad_tcga_pan_can_atlas_2018	TCGA-05-4417-01	1159.54	3154.02	2.5415	4584.26	79.4223
luad_tcga_pan_can_atlas_2018	TCGA-05-4418-01	619.187	1347.07	2.3265	4014.96	129.622
luad_tcga_pan_can_atlas_2018	TCGA-05-4420-01	569.014	1457.01	1.0518	6508.55	19.9842
luad_tcga_pan_can_atlas_2018	TCGA-05-4422-01	487.309	1385.69	4.8706	4302.28	54.4901
luad_tcga_pan_can_atlas_2018	TCGA-05-4424-01	673.97	2608.67	33.8418	14299.3	42.4214
luad_tcga_pan_can_atlas_2018	TCGA-05-4425-01	1013.42	1855.62	6.7152	3688.86	137.661
luad_tcga_pan_can_atlas_2018	TCGA-05-4426-01	1444.67	559.318	2.3712	6522.12	292.553
luad_tcga_pan_can_atlas_2018	TCGA-05-4427-01	1566.58	2921.8	7.5681	9853.68	292.634
luad_tcga_pan_can_atlas_2018	TCGA-05-4430-01	630.931	1844.02	1.5949	6111.64	70.8134
luad_tcga_pan_can_atlas_2018	TCGA-05-4432-01	1306.88	1405.83	2.8843	12655	58.8405
luad_tcga_pan_can_atlas_2018	TCGA-05-4433-01	820.587	3184.3	96.6942	7628.93	56.1983
luad_tcga_pan_can_atlas_2018	TCGA-05-4434-01	1098.57	1373.28	4.974	3964.28	260.909
luad_tcga_pan_can_atlas_2018	TCGA-05-5423-01	1367.75	1237.36	14.652	2953.85	49.0842
luad_tcga_pan_can_atlas_2018	TCGA-05-5425-01	989.819	1044.12	7.9186	5614.82	107.466
luad_tcga_pan_can_atlas_2018	TCGA-05-5428-01	381.949	1427.51	2.6161	2185.31	62.7861
luad_tcga_pan_can_atlas_2018	TCGA-05-5429-01	446.172	1105.18	0	4525.91	6.9606
luad_tcga_pan_can_atlas_2018	TCGA-05-5715-01	883.857	1683.39	35.9165	11615.9	21.0814
luad_tcga_pan_can_atlas_2018	TCGA-17-Z000-01	NA	NA	NA	NA	NA
luad_tcga_pan_can_atlas_2018	TCGA-17-Z001-01	NA	NA	NA	NA	NA
luad_tcga_pan_can_atlas_2018	TCGA-17-Z002-01	NA	NA	NA	NA	NA
luad_tcga_pan_can_atlas_2018	TCGA-17-Z003-01	NA	NA	NA	NA	NA
luad_tcga_pan_can_atlas_2018	TCGA-17-Z004-01	NA	NA	NA	NA	NA
luad_tcga_pan_can_atlas_2018	TCGA-17-Z005-01	NA	NA	NA	NA	NA
luad_tcga_pan_can_atlas_2018	TCGA-17-Z007-01	NA	NA	NA	NA	NA
luad_tcga_pan_can_atlas_2018	TCGA-17-Z009-01	NA	NA	NA	NA	NA
luad_tcga_pan_can_atlas_2018	TCGA-17-Z010-01	NA	NA	NA	NA	NA
luad_tcga_pan_can_atlas_2018	TCGA-17-Z011-01	NA	NA	NA	NA	NA
luad_tcga_pan_can_atlas_2018	TCGA-17-Z013-01	NA	NA	NA	NA	NA
luad_tcga_pan_can_atlas_2018	TCGA-17-Z014-01	NA	NA	NA	NA	NA
luad_tcga_pan_can_atlas_2018	TCGA-17-Z015-01	NA	NA	NA	NA	NA
luad_tcga_pan_can_atlas_2018	TCGA-17-Z016-01	NA	NA	NA	NA	NA
luad_tcga_pan_can_atlas_2018	TCGA-17-Z017-01	NA	NA	NA	NA	NA
luad_tcga_pan_can_atlas_2018	TCGA-17-Z018-01	NA	NA	NA	NA	NA
luad_tcga_pan_can_atlas_2018	TCGA-17-Z019-01	NA	NA	NA	NA	NA
luad_tcga_pan_can_atlas_2018	TCGA-17-Z020-01	NA	NA	NA	NA	NA
luad_tcga_pan_can_atlas_2018	TCGA-17-Z021-01	NA	NA	NA	NA	NA
luad_tcga_pan_can_atlas_2018	TCGA-17-Z022-01	NA	NA	NA	NA	NA
luad_tcga_pan_can_atlas_2018	TCGA-17-Z023-01	NA	NA	NA	NA	NA
luad_tcga_pan_can_atlas_2018	TCGA-17-Z025-01	NA	NA	NA	NA	NA
luad_tcga_pan_can_atlas_2018	TCGA-17-Z026-01	NA	NA	NA	NA	NA
luad_tcga_pan_can_atlas_2018	TCGA-17-Z027-01	NA	NA	NA	NA	NA
luad_tcga_pan_can_atlas_2018	TCGA-17-Z028-01	NA	NA	NA	NA	NA
luad_tcga_pan_can_atlas_2018	TCGA-17-Z030-01	NA	NA	NA	NA	NA
luad_tcga_pan_can_atlas_2018	TCGA-17-Z031-01	NA	NA	NA	NA	NA
luad_tcga_pan_can_atlas_2018	TCGA-17-Z032-01	NA	NA	NA	NA	NA
luad_tcga_pan_can_atlas_2018	TCGA-17-Z033-01	NA	NA	NA	NA	NA
luad_tcga_pan_can_atlas_2018	TCGA-17-Z036-01	NA	NA	NA	NA	NA
luad_tcga_pan_can_atlas_2018	TCGA-17-Z037-01	NA	NA	NA	NA	NA
luad_tcga_pan_can_atlas_2018	TCGA-17-Z041-01	NA	NA	NA	NA	NA
luad_tcga_pan_can_atlas_2018	TCGA-17-Z042-01	NA	NA	NA	NA	NA
luad_tcga_pan_can_atlas_2018	TCGA-17-Z043-01	NA	NA	NA	NA	NA
luad_tcga_pan_can_atlas_2018	TCGA-17-Z044-01	NA	NA	NA	NA	NA
luad_tcga_pan_can_atlas_2018	TCGA-17-Z045-01	NA	NA	NA	NA	NA
luad_tcga_pan_can_atlas_2018	TCGA-17-Z047-01	NA	NA	NA	NA	NA
luad_tcga_pan_can_atlas_2018	TCGA-17-Z048-01	NA	NA	NA	NA	NA
luad_tcga_pan_can_atlas_2018	TCGA-17-Z049-01	NA	NA	NA	NA	NA
luad_tcga_pan_can_atlas_2018	TCGA-17-Z050-01	NA	NA	NA	NA	NA
luad_tcga_pan_can_atlas_2018	TCGA-17-Z051-01	NA	NA	NA	NA	NA
luad_tcga_pan_can_atlas_2018	TCGA-17-Z052-01	NA	NA	NA	NA	NA
luad_tcga_pan_can_atlas_2018	TCGA-17-Z053-01	NA	NA	NA	NA	NA
luad_tcga_pan_can_atlas_2018	TCGA-17-Z054-01	NA	NA	NA	NA	NA
luad_tcga_pan_can_atlas_2018	TCGA-17-Z055-01	NA	NA	NA	NA	NA
luad_tcga_pan_can_atlas_2018	TCGA-17-Z056-01	NA	NA	NA	NA	NA
luad_tcga_pan_can_atlas_2018	TCGA-17-Z057-01	NA	NA	NA	NA	NA
luad_tcga_pan_can_atlas_2018	TCGA-17-Z058-01	NA	NA	NA	NA	NA
luad_tcga_pan_can_atlas_2018	TCGA-17-Z059-01	NA	NA	NA	NA	NA
luad_tcga_pan_can_atlas_2018	TCGA-17-Z060-01	NA	NA	NA	NA	NA
luad_tcga_pan_can_atlas_2018	TCGA-17-Z061-01	NA	NA	NA	NA	NA
luad_tcga_pan_can_atlas_2018	TCGA-17-Z062-01	NA	NA	NA	NA	NA
luad_tcga_pan_can_atlas_2018	TCGA-35-3615-01	248.207	1214.42	12.9955	5891.16	21.7674
luad_tcga_pan_can_atlas_2018	TCGA-35-4122-01	211.558	1498.49	18.0905	2088.94	271.357
luad_tcga_pan_can_atlas_2018	TCGA-35-4123-01	1108.75	1309.42	0.8782	3348.64	534.395
luad_tcga_pan_can_atlas_2018	TCGA-35-5375-01	139.833	674.806	7.7691	2188.68	78.8013
luad_tcga_pan_can_atlas_2018	TCGA-38-4625-01	967.604	1265.28	5.3506	2196.28	1397.07
luad_tcga_pan_can_atlas_2018	TCGA-38-4626-01	836.342	1135.91	7.4656	3505.68	154.969
luad_tcga_pan_can_atlas_2018	TCGA-38-4627-01	985.768	1161.98	4.378	3206.13	41.9555
luad_tcga_pan_can_atlas_2018	TCGA-38-4628-01	1735.77	1195.32	6.6372	12408.7	25.6005
luad_tcga_pan_can_atlas_2018	TCGA-38-4631-01	182.064	1565.59	1.5695	2141.61	14.1257
luad_tcga_pan_can_atlas_2018	TCGA-38-4632-01	975.722	863.315	3.0587	3433.38	147.582
luad_tcga_pan_can_atlas_2018	TCGA-38-6178-01	14050.5	1176.29	2.3401	4084.24	19.5008
luad_tcga_pan_can_atlas_2018	TCGA-38-7271-01	827.639	1242.22	9.8709	5617.31	81.2453
luad_tcga_pan_can_atlas_2018	TCGA-38-A44F-01	305.936	1116.44	34.8174	5078.77	27.3973
luad_tcga_pan_can_atlas_2018	TCGA-44-2655-01	367.474	858.993	3.1076	6492.3	29.5222
luad_tcga_pan_can_atlas_2018	TCGA-44-2656-01	2456.58	1094.16	11.9225	5772.13	448.178
luad_tcga_pan_can_atlas_2018	TCGA-44-2657-01	1367.77	1607.38	14.7651	2710.07	65.1007
luad_tcga_pan_can_atlas_2018	TCGA-44-2659-01	6649.18	1232.76	4.5767	4146.78	53.9392
luad_tcga_pan_can_atlas_2018	TCGA-44-2662-01	1330.09	1164.56	2.5137	7897.3	403.268
luad_tcga_pan_can_atlas_2018	TCGA-44-2665-01	773.714	1222.01	4.7438	2430.74	162.714
luad_tcga_pan_can_atlas_2018	TCGA-44-2666-01	978.834	758.628	6.2559	5134.4	135.961
luad_tcga_pan_can_atlas_2018	TCGA-44-2668-01	2935.17	1806.07	1.0918	3389.15	326.714
luad_tcga_pan_can_atlas_2018	TCGA-44-3396-01	773.757	874.692	3.5802	14152.8	303.871
luad_tcga_pan_can_atlas_2018	TCGA-44-3398-01	306.638	1836.4	2.9979	2336.62	214.561
luad_tcga_pan_can_atlas_2018	TCGA-44-3917-01	NA	NA	NA	NA	NA
luad_tcga_pan_can_atlas_2018	TCGA-44-3918-01	704.806	1260.49	3.8139	3773.46	699.466
luad_tcga_pan_can_atlas_2018	TCGA-44-3919-01	918.039	1337.89	2.6016	12184.1	171.707
luad_tcga_pan_can_atlas_2018	TCGA-44-4112-01	1301.19	1902.01	5.2209	4967.87	76.3052
luad_tcga_pan_can_atlas_2018	TCGA-44-5643-01	925.628	5670.42	179.718	5564.51	28.7324
luad_tcga_pan_can_atlas_2018	TCGA-44-5644-01	3295.04	1760.93	24.6052	902.411	7.98
luad_tcga_pan_can_atlas_2018	TCGA-44-5645-01	2519.75	1051.06	0.5737	3982.21	57.9461
luad_tcga_pan_can_atlas_2018	TCGA-44-6144-01	NA	NA	NA	NA	NA
luad_tcga_pan_can_atlas_2018	TCGA-44-6145-01	409.349	1519.9	2.5268	5500.32	229.311
luad_tcga_pan_can_atlas_2018	TCGA-44-6146-01	1331.21	2511.28	0	11699.5	26.6245
luad_tcga_pan_can_atlas_2018	TCGA-44-6148-01	1744.69	625.151	2.6785	7111.29	43.9266
luad_tcga_pan_can_atlas_2018	TCGA-44-6774-01	827.138	1122.68	0.9294	4960.97	46.4684
luad_tcga_pan_can_atlas_2018	TCGA-44-6775-01	2337.2	1046.44	16.6583	3962.65	77.2337
luad_tcga_pan_can_atlas_2018	TCGA-44-6776-01	740.654	2285.2	5.0287	9497.84	17.9598
luad_tcga_pan_can_atlas_2018	TCGA-44-6777-01	2692.79	1355.08	29.4582	5101.53	194.634
luad_tcga_pan_can_atlas_2018	TCGA-44-6778-01	494.264	1445.43	29.8223	1295.69	307.741
luad_tcga_pan_can_atlas_2018	TCGA-44-6779-01	4004.78	1330.15	0.797	4554.69	137.079
luad_tcga_pan_can_atlas_2018	TCGA-44-7659-01	1869.91	1275.78	8.2212	5098.65	68.012
luad_tcga_pan_can_atlas_2018	TCGA-44-7660-01	513.511	1629.69	6.3085	4908.84	74.0196
luad_tcga_pan_can_atlas_2018	TCGA-44-7661-01	2097.42	3418.49	2.1861	4380.07	1002.19
luad_tcga_pan_can_atlas_2018	TCGA-44-7662-01	1307.26	1223.83	3.5516	6193.12	140.289
luad_tcga_pan_can_atlas_2018	TCGA-44-7667-01	492.415	1991.97	502.07	3881.06	25.6362
luad_tcga_pan_can_atlas_2018	TCGA-44-7669-01	856.255	2985.58	1.5334	2337.86	92.3122
luad_tcga_pan_can_atlas_2018	TCGA-44-7670-01	599.119	7593.79	2.7823	3362.24	42.3526
luad_tcga_pan_can_atlas_2018	TCGA-44-7671-01	704.523	1598.74	1.5754	10613.9	19.2202
luad_tcga_pan_can_atlas_2018	TCGA-44-7672-01	1085.9	2636.08	13.2761	7511.52	144.865
luad_tcga_pan_can_atlas_2018	TCGA-44-8117-01	3018.03	2120.83	4.3359	18541.7	109.843
luad_tcga_pan_can_atlas_2018	TCGA-44-8119-01	276.967	1810.48	0.263	9309.66	57.6051
luad_tcga_pan_can_atlas_2018	TCGA-44-8120-01	832.604	871.586	3.3641	20698.3	43.4532
luad_tcga_pan_can_atlas_2018	TCGA-44-A479-01	1027.79	4157.78	1.7026	3767.31	115.778
luad_tcga_pan_can_atlas_2018	TCGA-44-A47A-01	799.299	1252.81	8.7001	4137.67	70.6244
luad_tcga_pan_can_atlas_2018	TCGA-44-A47B-01	361.841	3143.75	0.4478	19627	18.8088
luad_tcga_pan_can_atlas_2018	TCGA-44-A47F-01	NA	NA	NA	NA	NA
luad_tcga_pan_can_atlas_2018	TCGA-44-A47G-01	860.748	1513.23	4.0276	5096.66	202.532
luad_tcga_pan_can_atlas_2018	TCGA-44-A4SS-01	554.392	1639.93	4.4308	157884	63.6921
luad_tcga_pan_can_atlas_2018	TCGA-44-A4SU-01	2664.62	639.981	6.5735	8821.22	43.1976
luad_tcga_pan_can_atlas_2018	TCGA-49-4486-01	236.065	1008.44	3.6574	10778.7	8.6447
luad_tcga_pan_can_atlas_2018	TCGA-49-4487-01	627.633	1380.79	5.8972	9740.52	58.1297
luad_tcga_pan_can_atlas_2018	TCGA-49-4488-01	1356.07	2214.64	0	5171.9	101.266
luad_tcga_pan_can_atlas_2018	TCGA-49-4490-01	957.587	918.281	3.7443	8618.37	10.2967
luad_tcga_pan_can_atlas_2018	TCGA-49-4494-01	576.986	1002.34	0.8518	7681.12	67.864
luad_tcga_pan_can_atlas_2018	TCGA-49-4501-01	2078.71	1206.61	5.284	8266.31	64.465
luad_tcga_pan_can_atlas_2018	TCGA-49-4505-01	1427.43	1580.13	5.3326	6036.21	92.8992
luad_tcga_pan_can_atlas_2018	TCGA-49-4506-01	282.519	1203.46	2.3878	2353.6	37.8072
luad_tcga_pan_can_atlas_2018	TCGA-49-4507-01	259.772	659.979	0.3459	4575.23	22.1377
luad_tcga_pan_can_atlas_2018	TCGA-49-4510-01	412.832	1361.11	0.3193	7174.97	30.0128
luad_tcga_pan_can_atlas_2018	TCGA-49-4512-01	1741.69	1493.47	11.5296	7350.5	17.6787
luad_tcga_pan_can_atlas_2018	TCGA-49-4514-01	312.163	1817.89	0.7651	3532.5	9.1813
luad_tcga_pan_can_atlas_2018	TCGA-49-6742-01	451.902	1756.9	0.7457	6706.19	21.6257
luad_tcga_pan_can_atlas_2018	TCGA-49-6743-01	1113.4	1142.16	4.8833	6990.78	143.787
luad_tcga_pan_can_atlas_2018	TCGA-49-6744-01	1047.85	1423.12	4.5825	5615.07	68.7373
luad_tcga_pan_can_atlas_2018	TCGA-49-6745-01	1877.64	6439.31	5.8968	9717.94	847.174
luad_tcga_pan_can_atlas_2018	TCGA-49-6761-01	7247.6	1344.09	156.92	4636.48	334.372
luad_tcga_pan_can_atlas_2018	TCGA-49-6767-01	1187.57	1455.03	1.1834	4807.69	208.284
luad_tcga_pan_can_atlas_2018	TCGA-49-AAQV-01	1317.66	732.487	13.7772	6594.02	83.3192
luad_tcga_pan_can_atlas_2018	TCGA-49-AAR0-01	264.18	524.541	17.3525	5117.5	28.2598
luad_tcga_pan_can_atlas_2018	TCGA-49-AAR2-01	30.3162	602.611	1.2374	5802.76	15.4674
luad_tcga_pan_can_atlas_2018	TCGA-49-AAR3-01	511.315	823.171	5.2265	2379.79	406.794
luad_tcga_pan_can_atlas_2018	TCGA-49-AAR4-01	394.697	1025.85	5.0441	9784.36	116.015
luad_tcga_pan_can_atlas_2018	TCGA-49-AAR9-01	230.376	19435.5	2.7536	8340.98	15.6035
luad_tcga_pan_can_atlas_2018	TCGA-49-AARE-01	50.9786	702.777	11.3792	6527.54	16.8411
luad_tcga_pan_can_atlas_2018	TCGA-49-AARN-01	691.657	695.522	0.7463	9482.09	64.9254
luad_tcga_pan_can_atlas_2018	TCGA-49-AARO-01	1334.07	983.569	2.8827	6475.64	102.047
luad_tcga_pan_can_atlas_2018	TCGA-49-AARQ-01	716.247	716.854	58.427	3601.69	28.0899
luad_tcga_pan_can_atlas_2018	TCGA-49-AARR-01	834.729	881.235	3.5719	5229.75	94.3998
luad_tcga_pan_can_atlas_2018	TCGA-4B-A93V-01	319.422	1017.05	0.4811	5178.57	661.513
luad_tcga_pan_can_atlas_2018	TCGA-50-5044-01	186.285	775.844	3.0706	1181.17	230.297
luad_tcga_pan_can_atlas_2018	TCGA-50-5045-01	323.604	1270.73	24.5347	2638.32	119.712
luad_tcga_pan_can_atlas_2018	TCGA-50-5049-01	352.12	965.402	15.625	6550.78	136.161
luad_tcga_pan_can_atlas_2018	TCGA-50-5051-01	125.484	1193.65	3.873	5698.68	20.1394
luad_tcga_pan_can_atlas_2018	TCGA-50-5055-01	184.385	1046.51	4.9834	2875.42	31.5615
luad_tcga_pan_can_atlas_2018	TCGA-50-5066-01	117.596	1442.51	2.6132	1166.38	87.108
luad_tcga_pan_can_atlas_2018	TCGA-50-5068-01	128.236	973.076	6.8406	1964.96	55.5799
luad_tcga_pan_can_atlas_2018	TCGA-50-5072-01	931.626	2594	5.5427	4561.66	45.2656
luad_tcga_pan_can_atlas_2018	TCGA-50-5930-01	455.469	1237.74	11.9525	8860.76	35.8574
luad_tcga_pan_can_atlas_2018	TCGA-50-5931-01	660.966	1554.29	0.6313	1294.82	6.9444
luad_tcga_pan_can_atlas_2018	TCGA-50-5932-01	2106.8	2446.8	1.2469	9170.41	22.4439
luad_tcga_pan_can_atlas_2018	TCGA-50-5933-01	5771.07	1709.38	1.0205	2690.1	522.509
luad_tcga_pan_can_atlas_2018	TCGA-50-5935-01	1498.62	2864.24	2.5466	9820.15	47.1113
luad_tcga_pan_can_atlas_2018	TCGA-50-5936-01	1342.11	1830.41	3.655	5437.13	32.8947
luad_tcga_pan_can_atlas_2018	TCGA-50-5939-01	21145.1	900.291	3.4206	4498.72	127.245
luad_tcga_pan_can_atlas_2018	TCGA-50-5941-01	1576.92	3282.69	7.6923	4417.31	200.641
luad_tcga_pan_can_atlas_2018	TCGA-50-5942-01	3963.68	671.915	1.2786	5430.94	31.9655
luad_tcga_pan_can_atlas_2018	TCGA-50-5944-01	3727.99	1313.61	1.2197	7345.02	33.5417
luad_tcga_pan_can_atlas_2018	TCGA-50-5946-01	3144.37	841.106	1.9299	18117.1	28.6266
luad_tcga_pan_can_atlas_2018	TCGA-50-6590-01	3715.74	1295.65	3.2609	2195.11	476.087
luad_tcga_pan_can_atlas_2018	TCGA-50-6591-01	24089.1	1225.81	5.3763	2977.9	5.3763
luad_tcga_pan_can_atlas_2018	TCGA-50-6592-01	676.881	2374.05	0.4281	4788.35	83.4879
luad_tcga_pan_can_atlas_2018	TCGA-50-6593-01	1477.85	1032.07	9.6216	6921.1	121.873
luad_tcga_pan_can_atlas_2018	TCGA-50-6594-01	691.514	1002.82	1.4085	8032.39	1650.7
luad_tcga_pan_can_atlas_2018	TCGA-50-6595-01	5908.64	991.64	7.074	2682.32	508.039
luad_tcga_pan_can_atlas_2018	TCGA-50-6597-01	992.46	670.122	0.9425	6793.59	8.4826
luad_tcga_pan_can_atlas_2018	TCGA-50-6673-01	8605.69	2026.36	2.2434	6289.4	26.9209
luad_tcga_pan_can_atlas_2018	TCGA-50-7109-01	345.98	1774.44	2.4408	6304.53	24.4078
luad_tcga_pan_can_atlas_2018	TCGA-50-8457-01	2213.48	1177.1	1.3316	7543.28	51.4869
luad_tcga_pan_can_atlas_2018	TCGA-50-8459-01	617.121	1387	6.714	3912.01	38.0459
luad_tcga_pan_can_atlas_2018	TCGA-50-8460-01	965.291	709.418	381.041	5934.32	53.9033
luad_tcga_pan_can_atlas_2018	TCGA-53-7624-01	19967.6	1593.76	1.7567	3778.66	145.367
luad_tcga_pan_can_atlas_2018	TCGA-53-7626-01	2181.51	1898.44	2.5609	9718.43	89.3452
luad_tcga_pan_can_atlas_2018	TCGA-53-7813-01	383.351	2160.33	0	2868.45	26.7215
luad_tcga_pan_can_atlas_2018	TCGA-53-A4EZ-01	392.234	1775.15	0	3283.17	23.2124
luad_tcga_pan_can_atlas_2018	TCGA-55-1592-01	137.219	3826.17	27.3356	15733.6	59.2722
luad_tcga_pan_can_atlas_2018	TCGA-55-1594-01	19291.3	1829.8	3.5377	13515.3	73.5063
luad_tcga_pan_can_atlas_2018	TCGA-55-1595-01	509.666	2238.34	1.526	13071.7	67.7544
luad_tcga_pan_can_atlas_2018	TCGA-55-1596-01	27.8271	986.975	5.3286	26116	20.7223
luad_tcga_pan_can_atlas_2018	TCGA-55-5899-01	794.394	1156.74	14.8593	706.958	62.2946
luad_tcga_pan_can_atlas_2018	TCGA-55-6543-01	1549.05	901.895	22.854	5633.78	112.597
luad_tcga_pan_can_atlas_2018	TCGA-55-6642-01	2391.2	2277.85	4.5872	6954.13	60.2883
luad_tcga_pan_can_atlas_2018	TCGA-55-6712-01	2237.95	1601.61	8.0663	10289.9	220.48
luad_tcga_pan_can_atlas_2018	TCGA-55-6968-01	143.675	1360.62	10.8758	859.187	119.634
luad_tcga_pan_can_atlas_2018	TCGA-55-6969-01	225.597	1040.02	6.554	2837.9	76.2338
luad_tcga_pan_can_atlas_2018	TCGA-55-6970-01	701.234	1553.16	5.7822	3928.36	109.219
luad_tcga_pan_can_atlas_2018	TCGA-55-6971-01	638.916	1677.64	13.5528	2907.07	149.08
luad_tcga_pan_can_atlas_2018	TCGA-55-6972-01	399.543	1234.02	2.2831	7367.58	5.7078
luad_tcga_pan_can_atlas_2018	TCGA-55-6975-01	870.88	1497.9	3.3529	4995.81	10.0587
luad_tcga_pan_can_atlas_2018	TCGA-55-6978-01	1186.67	2068.59	8.6461	2072.55	689.529
luad_tcga_pan_can_atlas_2018	TCGA-55-6979-01	1832.89	1025.33	14.0938	6593.8	309.36
luad_tcga_pan_can_atlas_2018	TCGA-55-6980-01	1549.96	1456.23	5.305	5678.16	83.1123
luad_tcga_pan_can_atlas_2018	TCGA-55-6981-01	9654.83	1708.77	9.6491	11758.8	72.807
luad_tcga_pan_can_atlas_2018	TCGA-55-6982-01	1746.93	2116.62	17.5156	3371.28	80.2028
luad_tcga_pan_can_atlas_2018	TCGA-55-6983-01	445.028	1581.56	10.6383	6487.23	31.5603
luad_tcga_pan_can_atlas_2018	TCGA-55-6984-01	535.649	2789.76	0	7631.63	36.5631
luad_tcga_pan_can_atlas_2018	TCGA-55-6985-01	1589.53	2051.49	5.9701	8072.39	111.94
luad_tcga_pan_can_atlas_2018	TCGA-55-6986-01	920.058	800.145	11.6279	7119.19	47.2384
luad_tcga_pan_can_atlas_2018	TCGA-55-6987-01	270.823	1413.49	7.4153	4306.85	243.644
luad_tcga_pan_can_atlas_2018	TCGA-55-7227-01	1059.43	870.076	4.8376	7236.35	156.185
luad_tcga_pan_can_atlas_2018	TCGA-55-7281-01	402.849	1882.62	3.4188	11495.2	29.0598
luad_tcga_pan_can_atlas_2018	TCGA-55-7283-01	2141.85	1856.64	5.0125	7595.99	45.1128
luad_tcga_pan_can_atlas_2018	TCGA-55-7284-01	1335.03	2050.44	109.394	6097.4	71.6828
luad_tcga_pan_can_atlas_2018	TCGA-55-7570-01	19.6078	1147.71	3.9216	1690.63	24.4009
luad_tcga_pan_can_atlas_2018	TCGA-55-7573-01	1843.05	911.929	4.8038	6490.79	44.0352
luad_tcga_pan_can_atlas_2018	TCGA-55-7574-01	654.868	1800.36	7.9381	3937.29	47.6285
luad_tcga_pan_can_atlas_2018	TCGA-55-7576-01	1309.9	2777.95	7.576	10526.7	64.7626
luad_tcga_pan_can_atlas_2018	TCGA-55-7724-01	2269.54	1878.76	9.018	1613.23	60.1202
luad_tcga_pan_can_atlas_2018	TCGA-55-7725-01	1535.64	3121.85	6.3025	2657.56	120.798
luad_tcga_pan_can_atlas_2018	TCGA-55-7726-01	6583.8	2169.48	0.8873	2576.75	31.9432
luad_tcga_pan_can_atlas_2018	TCGA-55-7727-01	1317.43	1215.6	4.5872	5210.09	73.3945
luad_tcga_pan_can_atlas_2018	TCGA-55-7728-01	247.82	1319.13	43.3414	5223.19	80.7557
luad_tcga_pan_can_atlas_2018	TCGA-55-7815-01	295.591	3671.34	6.012	2724.45	119.239
luad_tcga_pan_can_atlas_2018	TCGA-55-7816-01	1654.59	1249.46	4.7312	2966.88	103.656
luad_tcga_pan_can_atlas_2018	TCGA-55-7903-01	1251.12	1403.59	10.4634	16940.2	204.783
luad_tcga_pan_can_atlas_2018	TCGA-55-7907-01	688.812	3030.49	2.3456	14172	52.3847
luad_tcga_pan_can_atlas_2018	TCGA-55-7910-01	366.657	1875	0.9259	5494.44	29.6296
luad_tcga_pan_can_atlas_2018	TCGA-55-7911-01	663.925	2978.72	7.4006	8548.17	230.474
luad_tcga_pan_can_atlas_2018	TCGA-55-7913-01	656.833	3263.36	2.2957	6433.75	13.4873
luad_tcga_pan_can_atlas_2018	TCGA-55-7914-01	937.032	1569.72	2.9985	4699.65	78.9605
luad_tcga_pan_can_atlas_2018	TCGA-55-7994-01	2876.38	1249.03	4.7492	8845.49	814.957
luad_tcga_pan_can_atlas_2018	TCGA-55-7995-01	1177.73	1948.65	7.6384	6333.4	157.861
luad_tcga_pan_can_atlas_2018	TCGA-55-8085-01	805.835	1322.55	3.4795	7365	47.3208
luad_tcga_pan_can_atlas_2018	TCGA-55-8087-01	1242.17	827.574	4.1885	11854.5	15.7068
luad_tcga_pan_can_atlas_2018	TCGA-55-8089-01	18056.9	1036.66	9.9798	4868.08	241.179
luad_tcga_pan_can_atlas_2018	TCGA-55-8090-01	1715.63	6327.97	13.6265	9965.62	245.277
luad_tcga_pan_can_atlas_2018	TCGA-55-8091-01	2017.77	1245.43	5.6269	3369.78	256.588
luad_tcga_pan_can_atlas_2018	TCGA-55-8092-01	350.551	2077.06	1.3346	5143.94	88.0827
luad_tcga_pan_can_atlas_2018	TCGA-55-8094-01	12.5168	9271.35	0.596	4687.83	8.3445
luad_tcga_pan_can_atlas_2018	TCGA-55-8096-01	6829.35	1238.35	25.2598	4884.81	38.3575
luad_tcga_pan_can_atlas_2018	TCGA-55-8097-01	1111.26	2616.52	16.4133	7713.86	27.2221
luad_tcga_pan_can_atlas_2018	TCGA-55-8203-01	706.489	2173.29	8.0882	4822.97	67.5361
luad_tcga_pan_can_atlas_2018	TCGA-55-8204-01	1518.77	1063.3	0	3349.79	97.6395
luad_tcga_pan_can_atlas_2018	TCGA-55-8205-01	1597.46	1112.05	3.7975	3273.8	761.092
luad_tcga_pan_can_atlas_2018	TCGA-55-8206-01	2690.71	1008.86	1.4767	7067.63	54.9321
luad_tcga_pan_can_atlas_2018	TCGA-55-8207-01	2534.97	1636.03	7.628	8025.06	60.2979
luad_tcga_pan_can_atlas_2018	TCGA-55-8208-01	297.561	1419.29	45.3842	5390.92	290.872
luad_tcga_pan_can_atlas_2018	TCGA-55-8299-01	996.734	918.643	4.646	5228.87	164.722
luad_tcga_pan_can_atlas_2018	TCGA-55-8301-01	1380.19	1049.46	4.7312	5517.42	312.688
luad_tcga_pan_can_atlas_2018	TCGA-55-8302-01	738.175	2174.72	8.3068	12587	513.36
luad_tcga_pan_can_atlas_2018	TCGA-55-8505-01	612.84	1808.49	0	6061.87	14.1426
luad_tcga_pan_can_atlas_2018	TCGA-55-8506-01	1994.9	972.41	3.9414	20253.4	74.3243
luad_tcga_pan_can_atlas_2018	TCGA-55-8507-01	374.454	2574.68	4.329	13017.9	29.7619
luad_tcga_pan_can_atlas_2018	TCGA-55-8508-01	1484.49	1603.89	30.0619	7137.05	35.3669
luad_tcga_pan_can_atlas_2018	TCGA-55-8510-01	1156.65	778.458	7.9559	6884.33	141.983
luad_tcga_pan_can_atlas_2018	TCGA-55-8511-01	2009.47	560.88	2.1718	12354	358.355
luad_tcga_pan_can_atlas_2018	TCGA-55-8512-01	1102.07	1062	6.9482	7453.77	41.1545
luad_tcga_pan_can_atlas_2018	TCGA-55-8513-01	815.26	1106.08	334.57	5442.14	90.5045
luad_tcga_pan_can_atlas_2018	TCGA-55-8514-01	959.981	983.871	5.1613	12272.9	54.1935
luad_tcga_pan_can_atlas_2018	TCGA-55-8614-01	2006.59	858.086	1.8859	6603.17	32.689
luad_tcga_pan_can_atlas_2018	TCGA-55-8615-01	894.647	1955.08	1.6043	10421.9	12.8342
luad_tcga_pan_can_atlas_2018	TCGA-55-8616-01	2286.19	2340.86	0	11611.9	82.9832
luad_tcga_pan_can_atlas_2018	TCGA-55-8619-01	836.337	1004.08	24.4613	5313.92	64.6476
luad_tcga_pan_can_atlas_2018	TCGA-55-8620-01	38.1009	1276.98	1.1907	554.249	54.7701
luad_tcga_pan_can_atlas_2018	TCGA-55-8621-01	1001.16	1102.99	10.7138	5037.63	233.025
luad_tcga_pan_can_atlas_2018	TCGA-55-A48X-01	1701.82	1237.54	5.3763	11644.2	68.4262
luad_tcga_pan_can_atlas_2018	TCGA-55-A48Y-01	704.296	1355.04	3.1513	6256.83	22.0588
luad_tcga_pan_can_atlas_2018	TCGA-55-A48Z-01	3633.28	970.687	12.9745	7729.46	97.5493
luad_tcga_pan_can_atlas_2018	TCGA-55-A490-01	5390.47	2501.89	0.984	15580.1	26.5687
luad_tcga_pan_can_atlas_2018	TCGA-55-A491-01	741.636	1096.88	1.0588	8241.93	94.2298
luad_tcga_pan_can_atlas_2018	TCGA-55-A492-01	103.374	1092.13	10.1768	11720.4	1.0712
luad_tcga_pan_can_atlas_2018	TCGA-55-A493-01	3354.06	2634.21	0	5971.81	446.467
luad_tcga_pan_can_atlas_2018	TCGA-55-A494-01	1347.15	3439.44	6.6518	9145.82	8.4256
luad_tcga_pan_can_atlas_2018	TCGA-55-A4DF-01	227.457	2132.69	1.8493	2821.54	190.014
luad_tcga_pan_can_atlas_2018	TCGA-55-A4DG-01	2281.63	549.051	24.2616	9228.38	30.5907
luad_tcga_pan_can_atlas_2018	TCGA-55-A57B-01	6528.5	912.905	10.2257	8682.65	66.6432
luad_tcga_pan_can_atlas_2018	TCGA-62-8394-01	1688.31	1152.3	7.901	10339.1	35.7626
luad_tcga_pan_can_atlas_2018	TCGA-62-8395-01	1772.42	1646.12	2.1931	6763.89	10.0882
luad_tcga_pan_can_atlas_2018	TCGA-62-8397-01	5837.81	875.912	4.3796	4626.28	33.5766
luad_tcga_pan_can_atlas_2018	TCGA-62-8398-01	457.895	2157.38	1.5013	5870.49	86.7005
luad_tcga_pan_can_atlas_2018	TCGA-62-8399-01	2140.66	1249.62	13.9939	7417.55	85.0983
luad_tcga_pan_can_atlas_2018	TCGA-62-8402-01	1690.35	1441.56	0	7670.4	177.362
luad_tcga_pan_can_atlas_2018	TCGA-62-A46O-01	1713.48	3167.78	0.5574	3061.32	15.6076
luad_tcga_pan_can_atlas_2018	TCGA-62-A46P-01	217.293	1573.68	2.2556	6524.06	12.0301
luad_tcga_pan_can_atlas_2018	TCGA-62-A46R-01	3099.84	1899.32	2.5011	9831.76	51.5223
luad_tcga_pan_can_atlas_2018	TCGA-62-A46S-01	246.799	2042.83	4.415	6585.43	42.3841
luad_tcga_pan_can_atlas_2018	TCGA-62-A46U-01	2518.66	1473.08	13.1525	3811.76	451.295
luad_tcga_pan_can_atlas_2018	TCGA-62-A46V-01	1282.34	1332.01	6.9479	3895.29	19.8511
luad_tcga_pan_can_atlas_2018	TCGA-62-A46Y-01	1314.28	1683.71	8.5213	6394.49	177.945
luad_tcga_pan_can_atlas_2018	TCGA-62-A470-01	347.291	2378.08	11.0837	8172.41	27.0936
luad_tcga_pan_can_atlas_2018	TCGA-62-A471-01	165.724	1335.55	2.5575	8432.23	22.5064
luad_tcga_pan_can_atlas_2018	TCGA-62-A472-01	1501.91	1326.25	30.888	6149.61	162.162
luad_tcga_pan_can_atlas_2018	TCGA-64-1676-01	514.798	998.417	4.85	2570.52	248.045
luad_tcga_pan_can_atlas_2018	TCGA-64-1677-01	265.864	1400.44	6.5646	2729.76	110.503
luad_tcga_pan_can_atlas_2018	TCGA-64-1678-01	86.1625	2815.27	2.8096	2671.04	7.4924
luad_tcga_pan_can_atlas_2018	TCGA-64-1679-01	2271.03	1198.78	2.6117	7381.89	100.406
luad_tcga_pan_can_atlas_2018	TCGA-64-1680-01	568.005	925.262	1.4948	6612.85	27.6532
luad_tcga_pan_can_atlas_2018	TCGA-64-1681-01	1531.4	1598.63	1.8072	5963.68	34.3363
luad_tcga_pan_can_atlas_2018	TCGA-64-5774-01	2423.46	1480.11	5.1474	6454.38	41.1792
luad_tcga_pan_can_atlas_2018	TCGA-64-5775-01	1001.08	1752.01	182.859	1608.6	594.524
luad_tcga_pan_can_atlas_2018	TCGA-64-5778-01	248.055	959.526	1.5568	9301.02	116.762
luad_tcga_pan_can_atlas_2018	TCGA-64-5779-01	439.443	1574.47	0	7734.04	35.1882
luad_tcga_pan_can_atlas_2018	TCGA-64-5781-01	580.051	1012.22	7.717	5095.18	71.3826
luad_tcga_pan_can_atlas_2018	TCGA-64-5815-01	1170.46	1644.93	7.8555	6611.15	73.0558
luad_tcga_pan_can_atlas_2018	TCGA-67-3770-01	1603.36	1160.71	0.9398	3796.99	41.3534
luad_tcga_pan_can_atlas_2018	TCGA-67-3771-01	449.511	936.808	6.5147	3739.41	56.0261
luad_tcga_pan_can_atlas_2018	TCGA-67-3772-01	936.798	1261.7	1.8727	3811.33	14.5131
luad_tcga_pan_can_atlas_2018	TCGA-67-3773-01	688.592	2027.75	17.4717	3855.09	96.6084
luad_tcga_pan_can_atlas_2018	TCGA-67-3774-01	293.15	2040.56	1.916	6699.03	51.0937
luad_tcga_pan_can_atlas_2018	TCGA-67-4679-01	1301.38	1739.78	2.2952	4806.77	70.5781
luad_tcga_pan_can_atlas_2018	TCGA-67-6215-01	1525.45	2483.7	395.514	10544.1	27.5594
luad_tcga_pan_can_atlas_2018	TCGA-67-6216-01	1132.14	1354.35	391.336	7427.14	107.853
luad_tcga_pan_can_atlas_2018	TCGA-67-6217-01	3571.71	960.88	3.98	5973.94	58.5625
luad_tcga_pan_can_atlas_2018	TCGA-69-7760-01	4860.05	1567.15	4.3723	5891.94	26.2336
luad_tcga_pan_can_atlas_2018	TCGA-69-7761-01	662.164	1565.57	1.619	262936	105.774
luad_tcga_pan_can_atlas_2018	TCGA-69-7763-01	281.354	1648.59	11.8221	7865.23	41.3773
luad_tcga_pan_can_atlas_2018	TCGA-69-7764-01	1306.96	1773.21	1.3263	5241.38	37.1353
luad_tcga_pan_can_atlas_2018	TCGA-69-7765-01	1812.07	1282.15	6.2422	5118.6	63.6704
luad_tcga_pan_can_atlas_2018	TCGA-69-7973-01	793.888	2479.24	36.1217	6297.56	37.1537
luad_tcga_pan_can_atlas_2018	TCGA-69-7974-01	1339.03	1829.91	4.1148	11067.6	400.017
luad_tcga_pan_can_atlas_2018	TCGA-69-7978-01	1908.82	1213.18	9.0787	6296.91	706.792
luad_tcga_pan_can_atlas_2018	TCGA-69-7979-01	1061.17	1032.47	1.1598	9153.38	55.3784
luad_tcga_pan_can_atlas_2018	TCGA-69-7980-01	898.706	2243.59	1.2248	11872.3	104.417
luad_tcga_pan_can_atlas_2018	TCGA-69-8253-01	320.274	1198.56	2.8571	7574.21	23.9998
luad_tcga_pan_can_atlas_2018	TCGA-69-8254-01	1295.11	1477.95	2.2147	7526.79	89.5724
luad_tcga_pan_can_atlas_2018	TCGA-69-8255-01	3032.43	1077.39	0.8322	1700.69	72.6768
luad_tcga_pan_can_atlas_2018	TCGA-69-8453-01	649.581	959.064	59.4542	5720.27	93.0799
luad_tcga_pan_can_atlas_2018	TCGA-69-A59K-01	1252.75	2423.74	3.075	31983.4	811.808
luad_tcga_pan_can_atlas_2018	TCGA-71-6725-01	1699.27	1296.78	0	11391.1	21.2177
luad_tcga_pan_can_atlas_2018	TCGA-71-8520-01	3593.32	1081.26	3.0999	7777.77	59.519
luad_tcga_pan_can_atlas_2018	TCGA-73-4658-01	1352.66	1310.7	8.0552	5662.83	533.372
luad_tcga_pan_can_atlas_2018	TCGA-73-4659-01	522.354	2143.46	10.3376	3985.23	63.2911
luad_tcga_pan_can_atlas_2018	TCGA-73-4662-01	2118.02	1966.83	5.6262	13381.9	165.504
luad_tcga_pan_can_atlas_2018	TCGA-73-4666-01	1542.09	1175.12	6.0366	5802.18	688.172
luad_tcga_pan_can_atlas_2018	TCGA-73-4668-01	2261.72	4831.49	1.23	8089.54	51.4145
luad_tcga_pan_can_atlas_2018	TCGA-73-4670-01	1087.87	2061.5	4.1	5290.15	46.1938
luad_tcga_pan_can_atlas_2018	TCGA-73-4675-01	441.118	1366.79	2.1685	10690.8	10.223
luad_tcga_pan_can_atlas_2018	TCGA-73-4676-01	1500.26	1262.27	2.1108	5724.54	169.921
luad_tcga_pan_can_atlas_2018	TCGA-73-4677-01	762.122	1284.28	2.6021	8281.89	33.5381
luad_tcga_pan_can_atlas_2018	TCGA-73-7498-01	982.499	1371.22	2.1804	9355.14	23.9847
luad_tcga_pan_can_atlas_2018	TCGA-73-7499-01	622.74	1196.42	3.581	6455.15	57.2963
luad_tcga_pan_can_atlas_2018	TCGA-73-A9RS-01	469.19	1752.64	1.7606	5500	110.035
luad_tcga_pan_can_atlas_2018	TCGA-75-5122-01	666.799	5090.76	2.5386	1127.99	498.413
luad_tcga_pan_can_atlas_2018	TCGA-75-5125-01	636.072	2234.02	66.4948	7074.74	1106.19
luad_tcga_pan_can_atlas_2018	TCGA-75-5126-01	891.704	1544.59	3.9809	2652.07	1046.18
luad_tcga_pan_can_atlas_2018	TCGA-75-5146-01	293.409	1878.1	2.8349	6577.6	16.3005
luad_tcga_pan_can_atlas_2018	TCGA-75-5147-01	445.002	1173.7	10.3214	3966.68	62.8133
luad_tcga_pan_can_atlas_2018	TCGA-75-6203-01	1042.63	902.338	72.2146	4184.32	89.4085
luad_tcga_pan_can_atlas_2018	TCGA-75-6205-01	2427.08	865.254	0.8475	4335.59	232.203
luad_tcga_pan_can_atlas_2018	TCGA-75-6206-01	1022.03	1197.61	4.4053	8450.6	30.2077
luad_tcga_pan_can_atlas_2018	TCGA-75-6207-01	3713.82	1077.8	2.1978	7835.6	625.934
luad_tcga_pan_can_atlas_2018	TCGA-75-6211-01	1629.84	1141.35	1.3149	3966.47	19.0664
luad_tcga_pan_can_atlas_2018	TCGA-75-6212-01	2802.88	853.495	12.4712	4067.94	49.8846
luad_tcga_pan_can_atlas_2018	TCGA-75-6214-01	8094.7	1004.33	0.6074	5630.55	92.0203
luad_tcga_pan_can_atlas_2018	TCGA-75-7025-01	1881.59	992.814	6.4297	4315.81	32.5265
luad_tcga_pan_can_atlas_2018	TCGA-75-7027-01	290.09	4765.2	0.8686	2921.25	22.872
luad_tcga_pan_can_atlas_2018	TCGA-75-7030-01	917.708	1348.96	0	4868.75	47.9167
luad_tcga_pan_can_atlas_2018	TCGA-75-7031-01	455.914	1550.54	7.5269	5735.48	38.7097
luad_tcga_pan_can_atlas_2018	TCGA-78-7143-01	1854.6	1411.71	11.5163	6647.31	60.9405
luad_tcga_pan_can_atlas_2018	TCGA-78-7145-01	1120.2	2069.31	1.1638	7490.47	62.8473
luad_tcga_pan_can_atlas_2018	TCGA-78-7146-01	2949.24	2210.95	1.99	4207.96	114.428
luad_tcga_pan_can_atlas_2018	TCGA-78-7147-01	3394.07	539.14	5.8687	6563.98	16.0412
luad_tcga_pan_can_atlas_2018	TCGA-78-7148-01	716.831	2157.4	2.1271	6815.21	24.4616
luad_tcga_pan_can_atlas_2018	TCGA-78-7149-01	209.534	873.449	1.6543	10942.9	4.9628
luad_tcga_pan_can_atlas_2018	TCGA-78-7150-01	946.07	2562.82	0.5737	3821	19.5066
luad_tcga_pan_can_atlas_2018	TCGA-78-7152-01	292.479	1511.61	4.6425	7252.55	23.2126
luad_tcga_pan_can_atlas_2018	TCGA-78-7153-01	240.713	1162.42	1.2281	5306.74	4.2984
luad_tcga_pan_can_atlas_2018	TCGA-78-7154-01	728.073	1609.17	1.1907	8168.48	27.385
luad_tcga_pan_can_atlas_2018	TCGA-78-7155-01	93.75	4454.28	2.3148	3456.02	24.8843
luad_tcga_pan_can_atlas_2018	TCGA-78-7156-01	560.317	1177.86	0.6219	12825.9	7.4627
luad_tcga_pan_can_atlas_2018	TCGA-78-7158-01	1141.89	1221.99	4.9793	2725.31	34.0249
luad_tcga_pan_can_atlas_2018	TCGA-78-7159-01	1359.77	2010.47	0	6642.42	33.6088
luad_tcga_pan_can_atlas_2018	TCGA-78-7160-01	616.404	1722.4	15.142	4314.83	78.8644
luad_tcga_pan_can_atlas_2018	TCGA-78-7161-01	430.251	1529.23	0	13607.3	12.1251
luad_tcga_pan_can_atlas_2018	TCGA-78-7162-01	821.804	1114.16	13.5382	6129.89	39.8829
luad_tcga_pan_can_atlas_2018	TCGA-78-7163-01	1272.27	727.211	836.087	3366.26	53.7533
luad_tcga_pan_can_atlas_2018	TCGA-78-7166-01	188.141	1380.29	1.3375	5364.69	23.6291
luad_tcga_pan_can_atlas_2018	TCGA-78-7167-01	612.476	1751.26	0.2972	10287.4	3.5661
luad_tcga_pan_can_atlas_2018	TCGA-78-7220-01	410.758	3856.9	1.5442	6594.78	38.0903
luad_tcga_pan_can_atlas_2018	TCGA-78-7535-01	581.021	823.78	0	7911.56	27.0092
luad_tcga_pan_can_atlas_2018	TCGA-78-7536-01	1205.03	1603.5	0.7677	6458.77	31.4762
luad_tcga_pan_can_atlas_2018	TCGA-78-7537-01	427.603	1026.03	2.1398	9639.09	15.3352
luad_tcga_pan_can_atlas_2018	TCGA-78-7539-01	1458.91	1810.6	5.0074	5972.31	68.3358
luad_tcga_pan_can_atlas_2018	TCGA-78-7540-01	1158.9	2319.8	15.5758	11261	29.1632
luad_tcga_pan_can_atlas_2018	TCGA-78-7542-01	2443.83	1082.34	0.2789	2542.56	566.966
luad_tcga_pan_can_atlas_2018	TCGA-78-7633-01	880.406	1281.48	1.1516	10962.4	19.0019
luad_tcga_pan_can_atlas_2018	TCGA-78-8640-01	86.3603	926.623	1.167	9494.97	27.4252
luad_tcga_pan_can_atlas_2018	TCGA-78-8648-01	474.4	929.717	51.9481	2973.26	109.244
luad_tcga_pan_can_atlas_2018	TCGA-78-8655-01	954.395	1530.08	31.0323	9155.16	50.0317
luad_tcga_pan_can_atlas_2018	TCGA-78-8660-01	538.388	855.723	8.1664	10511.9	133.579
luad_tcga_pan_can_atlas_2018	TCGA-78-8662-01	3876.89	1078.76	0.6618	10687.6	9.2654
luad_tcga_pan_can_atlas_2018	TCGA-80-5607-01	633.027	1377.54	1.6273	5181.45	68.3483
luad_tcga_pan_can_atlas_2018	TCGA-80-5608-01	349.319	1751.93	26.9528	11058.1	56.0335
luad_tcga_pan_can_atlas_2018	TCGA-80-5611-01	435.34	523.969	10.0334	9473.24	47.9376
luad_tcga_pan_can_atlas_2018	TCGA-83-5908-01	2189.58	2418.7	1.1265	4173.49	1201.28
luad_tcga_pan_can_atlas_2018	TCGA-86-6562-01	2133.18	1963.29	19.2952	12926.2	71.821
luad_tcga_pan_can_atlas_2018	TCGA-86-6851-01	1562.5	2117.06	1.4241	11654.5	159.784
luad_tcga_pan_can_atlas_2018	TCGA-86-7701-01	213.909	2006.32	1.0537	2924.13	76.9231
luad_tcga_pan_can_atlas_2018	TCGA-86-7711-01	836.371	877.575	3.8258	2379.05	61.8011
luad_tcga_pan_can_atlas_2018	TCGA-86-7713-01	2246.12	3596.22	0.481	12950.9	34.149
luad_tcga_pan_can_atlas_2018	TCGA-86-7714-01	2762.21	1287.59	3.7594	6058.27	24.4361
luad_tcga_pan_can_atlas_2018	TCGA-86-7953-01	1233.44	1812.84	3.2499	5049.41	45.2027
luad_tcga_pan_can_atlas_2018	TCGA-86-7954-01	755.154	4770.72	5.6195	10467.3	114.532
luad_tcga_pan_can_atlas_2018	TCGA-86-7955-01	1175.06	486.181	0.3012	13499.8	21.0859
luad_tcga_pan_can_atlas_2018	TCGA-86-8054-01	2622.22	2806.76	115.561	3743.24	31.3046
luad_tcga_pan_can_atlas_2018	TCGA-86-8055-01	8359.11	1332.62	3.0004	5863.69	83.1547
luad_tcga_pan_can_atlas_2018	TCGA-86-8056-01	1355.59	2450.03	33.9512	5365.32	63.745
luad_tcga_pan_can_atlas_2018	TCGA-86-8073-01	764.736	1346.28	7.5614	8059.8	24.0591
luad_tcga_pan_can_atlas_2018	TCGA-86-8074-01	4358.03	1051.47	10.7219	4341.67	78.6276
luad_tcga_pan_can_atlas_2018	TCGA-86-8075-01	3184.35	1110.41	4.2851	9063.56	104.271
luad_tcga_pan_can_atlas_2018	TCGA-86-8076-01	839.193	1342.82	5.8468	6085.75	68.9924
luad_tcga_pan_can_atlas_2018	TCGA-86-8278-01	2049.88	1200.49	9.3343	9414.4	94.38
luad_tcga_pan_can_atlas_2018	TCGA-86-8279-01	1599.99	759.111	0.5926	6300.15	17.7778
luad_tcga_pan_can_atlas_2018	TCGA-86-8280-01	2049.32	1111.23	5.4526	4910.58	91.2395
luad_tcga_pan_can_atlas_2018	TCGA-86-8281-01	541.424	1611.42	5.571	11165.4	13.5794
luad_tcga_pan_can_atlas_2018	TCGA-86-8358-01	51.0597	1438.29	7.9574	353.44	29.177
luad_tcga_pan_can_atlas_2018	TCGA-86-8359-01	371.197	1029.77	1.2151	10380.3	30.3767
luad_tcga_pan_can_atlas_2018	TCGA-86-8585-01	44.1126	1375.21	2.2056	7157.27	60.6549
luad_tcga_pan_can_atlas_2018	TCGA-86-8668-01	9674.81	822.917	5.9524	6067.71	58.0357
luad_tcga_pan_can_atlas_2018	TCGA-86-8669-01	448.015	1657.85	1.8904	9415.25	57.3409
luad_tcga_pan_can_atlas_2018	TCGA-86-8671-01	716.303	790.192	36.9197	3515.08	114.065
luad_tcga_pan_can_atlas_2018	TCGA-86-8672-01	94.2273	887.041	0.693	3887.04	100.485
luad_tcga_pan_can_atlas_2018	TCGA-86-8673-01	655.127	1261.59	1.173	9154.27	15.8358
luad_tcga_pan_can_atlas_2018	TCGA-86-8674-01	182.125	1289.49	0	5365.37	18.5497
luad_tcga_pan_can_atlas_2018	TCGA-86-A456-01	790.182	1413.57	39.0359	4663.61	104.096
luad_tcga_pan_can_atlas_2018	TCGA-86-A4D0-01	156.338	1803.63	7.4453	3878.08	26.0586
luad_tcga_pan_can_atlas_2018	TCGA-86-A4JF-01	1877.13	2831.69	4.8723	8723.63	261.332
luad_tcga_pan_can_atlas_2018	TCGA-86-A4P7-01	1463.44	1393.26	29.4118	7105.31	52.1822
luad_tcga_pan_can_atlas_2018	TCGA-86-A4P8-01	1107.96	876.481	97.5387	3773.47	88.423
luad_tcga_pan_can_atlas_2018	TCGA-91-6828-01	1052.18	2660.77	5.8923	4452.86	89.2256
luad_tcga_pan_can_atlas_2018	TCGA-91-6829-01	1089.31	2291.17	12.3903	5836.86	76.9231
luad_tcga_pan_can_atlas_2018	TCGA-91-6830-01	1592.33	998.467	6.1303	5427.59	79.6935
luad_tcga_pan_can_atlas_2018	TCGA-91-6831-01	1514.15	1958.71	1.5435	5529.62	63.2838
luad_tcga_pan_can_atlas_2018	TCGA-91-6835-01	2515.98	3593.68	9.9323	21805.9	162.528
luad_tcga_pan_can_atlas_2018	TCGA-91-6836-01	1815.15	8071.02	88.6634	3234.67	212.175
luad_tcga_pan_can_atlas_2018	TCGA-91-6840-01	1501.39	1247.74	3.8204	4948.92	27.5067
luad_tcga_pan_can_atlas_2018	TCGA-91-6847-01	14566.3	2030.5	0	8162.78	31.5284
luad_tcga_pan_can_atlas_2018	TCGA-91-6848-01	1443.8	1266.26	2.5124	1277.15	505.834
luad_tcga_pan_can_atlas_2018	TCGA-91-6849-01	480.523	676.307	2.2247	5437.15	24.4716
luad_tcga_pan_can_atlas_2018	TCGA-91-7771-01	462.851	1997.71	2.2857	3855.43	62.8571
luad_tcga_pan_can_atlas_2018	TCGA-91-8496-01	1329.64	947.102	6.9697	3879.79	108.417
luad_tcga_pan_can_atlas_2018	TCGA-91-8497-01	977.634	928.678	12.5765	4047.66	65.5304
luad_tcga_pan_can_atlas_2018	TCGA-91-8499-01	18.3134	2373.65	4.1353	940.481	33.673
luad_tcga_pan_can_atlas_2018	TCGA-91-A4BC-01	218.61	1052.87	1.3055	1601.83	41.7755
luad_tcga_pan_can_atlas_2018	TCGA-91-A4BD-01	411.162	738.163	21.0403	5053.17	13.1502
luad_tcga_pan_can_atlas_2018	TCGA-93-7347-01	1422.68	1400.93	8.547	4313.52	63.7141
luad_tcga_pan_can_atlas_2018	TCGA-93-7348-01	1041.52	1465.54	3.9627	6581.38	30.3807
luad_tcga_pan_can_atlas_2018	TCGA-93-8067-01	657.688	2081.32	0.5697	10138.6	30.4778
luad_tcga_pan_can_atlas_2018	TCGA-93-A4JN-01	730.249	763.508	4.1563	5095.59	51.9534
luad_tcga_pan_can_atlas_2018	TCGA-93-A4JO-01	536.057	1464.44	6.7992	3367.68	81.0669
luad_tcga_pan_can_atlas_2018	TCGA-93-A4JP-01	1663.37	976.568	5.167	6967.94	87.442
luad_tcga_pan_can_atlas_2018	TCGA-93-A4JQ-01	1107.21	1021.36	6.5388	8578.47	152.136
luad_tcga_pan_can_atlas_2018	TCGA-95-7039-01	1447.86	1362.14	2.1429	9295.71	84.2857
luad_tcga_pan_can_atlas_2018	TCGA-95-7043-01	1383.49	1204.78	0.7839	10121.9	8.6224
luad_tcga_pan_can_atlas_2018	TCGA-95-7562-01	1927.74	1350.54	20.1975	7612.66	48.474
luad_tcga_pan_can_atlas_2018	TCGA-95-7567-01	614.062	2366.81	1.6878	10073.7	88.045
luad_tcga_pan_can_atlas_2018	TCGA-95-7944-01	2222.5	1030.75	0.7321	6416.54	234.627
luad_tcga_pan_can_atlas_2018	TCGA-95-7947-01	899.35	801.878	69.0642	110747	74.2592
luad_tcga_pan_can_atlas_2018	TCGA-95-7948-01	2137.46	1045.72	8.5526	7485.2	10.8553
luad_tcga_pan_can_atlas_2018	TCGA-95-8039-01	1134.49	977.264	5.7803	11291.3	96.7245
luad_tcga_pan_can_atlas_2018	TCGA-95-8494-01	2324.99	4267.05	0	8708.73	122.371
luad_tcga_pan_can_atlas_2018	TCGA-95-A4VK-01	618.834	1194.73	4.3924	9089.31	31.2347
luad_tcga_pan_can_atlas_2018	TCGA-95-A4VN-01	3477.96	1708.2	1.3895	5545.62	1320.52
luad_tcga_pan_can_atlas_2018	TCGA-95-A4VP-01	208.072	1238.11	9.9594	4264.71	36.1683
luad_tcga_pan_can_atlas_2018	TCGA-97-7546-01	2368.98	1543.84	1.0438	6314.72	161.274
luad_tcga_pan_can_atlas_2018	TCGA-97-7547-01	1128.77	1572.16	82.7224	5139.73	57.7744
luad_tcga_pan_can_atlas_2018	TCGA-97-7552-01	1072.82	1820.14	15.3461	7402.88	114.863
luad_tcga_pan_can_atlas_2018	TCGA-97-7553-01	1132.65	1049.19	16.9657	5600.92	166.978
luad_tcga_pan_can_atlas_2018	TCGA-97-7554-01	3681.83	4683.34	11.0055	8809.4	507.254
luad_tcga_pan_can_atlas_2018	TCGA-97-7937-01	1569.68	1274.01	0	6951.39	16.4725
luad_tcga_pan_can_atlas_2018	TCGA-97-7938-01	1948.63	1507.55	6.0423	6331.12	113.595
luad_tcga_pan_can_atlas_2018	TCGA-97-7941-01	664.704	969.738	19.4077	7781.51	26.2004
luad_tcga_pan_can_atlas_2018	TCGA-97-8171-01	2116.12	922.904	1.6852	3285.77	8.1449
luad_tcga_pan_can_atlas_2018	TCGA-97-8172-01	879.825	2519.71	2.3816	5763.96	49.7486
luad_tcga_pan_can_atlas_2018	TCGA-97-8174-01	1021.93	1368.28	4.3803	7439.33	44.3501
luad_tcga_pan_can_atlas_2018	TCGA-97-8175-01	700.852	1714.09	2.087	25385.7	185.739
luad_tcga_pan_can_atlas_2018	TCGA-97-8176-01	394.214	1426.49	19.0278	3384.57	11.2978
luad_tcga_pan_can_atlas_2018	TCGA-97-8177-01	969.049	925.137	6.1813	4217.03	47.0467
luad_tcga_pan_can_atlas_2018	TCGA-97-8179-01	935.557	1249.51	1.1641	5164.92	36.4765
luad_tcga_pan_can_atlas_2018	TCGA-97-8547-01	2515.61	1058.65	5.3622	9206.13	52.8559
luad_tcga_pan_can_atlas_2018	TCGA-97-8552-01	1382.9	922.561	12.1951	7170.12	42.0732
luad_tcga_pan_can_atlas_2018	TCGA-97-A4LX-01	1910.08	1501.41	4.3991	4246.02	235.352
luad_tcga_pan_can_atlas_2018	TCGA-97-A4M0-01	2580.24	2028.74	9.5803	7059.31	70.7117
luad_tcga_pan_can_atlas_2018	TCGA-97-A4M1-01	1201.15	679.393	4.4053	5375.43	38.1791
luad_tcga_pan_can_atlas_2018	TCGA-97-A4M2-01	615.029	989.76	10.1143	4720.51	88.1393
luad_tcga_pan_can_atlas_2018	TCGA-97-A4M3-01	324.214	1496.21	0.5058	5626.71	18.7152
luad_tcga_pan_can_atlas_2018	TCGA-97-A4M5-01	597.131	1479.48	11.3065	5656.62	66.1642
luad_tcga_pan_can_atlas_2018	TCGA-97-A4M6-01	1007.88	740.149	5.9395	5508.17	59.3946
luad_tcga_pan_can_atlas_2018	TCGA-97-A4M7-01	2823.75	1261.28	6.4461	4483.03	63.1715
luad_tcga_pan_can_atlas_2018	TCGA-99-7458-01	3252.81	1819.08	15.228	7422.66	325.747
luad_tcga_pan_can_atlas_2018	TCGA-99-8025-01	413.509	1172.28	3.3322	13943.7	34.9883
luad_tcga_pan_can_atlas_2018	TCGA-99-8028-01	343.224	1862.18	8.6132	4654.59	294.572
luad_tcga_pan_can_atlas_2018	TCGA-99-8032-01	490.462	1533.59	15.6449	4915.22	34.0276
luad_tcga_pan_can_atlas_2018	TCGA-99-8033-01	1813.64	1442.97	0.7812	4347.66	166.016
luad_tcga_pan_can_atlas_2018	TCGA-99-AA5R-01	745.179	742.671	3.2573	4046.15	134.636
luad_tcga_pan_can_atlas_2018	TCGA-J2-8192-01	3775.04	1587.24	15.7672	5904.46	128.39
luad_tcga_pan_can_atlas_2018	TCGA-J2-8194-01	846.036	1508.07	2.1805	4085.04	40.5582
luad_tcga_pan_can_atlas_2018	TCGA-J2-A4AD-01	791.299	922.452	4.0601	13519.3	22.7365
luad_tcga_pan_can_atlas_2018	TCGA-J2-A4AE-01	1277.17	895.39	20.0946	4091.02	63.8298
luad_tcga_pan_can_atlas_2018	TCGA-J2-A4AG-01	657.943	2552.98	5.6283	13211.2	50.6543
luad_tcga_pan_can_atlas_2018	TCGA-L4-A4E5-01	3709.1	1187.71	3.1854	10865.5	105.12
luad_tcga_pan_can_atlas_2018	TCGA-L4-A4E6-01	607.362	977.23	63.9621	3270.41	72.8612
luad_tcga_pan_can_atlas_2018	TCGA-L9-A443-01	865.871	1911.55	2.8078	11455.8	21.3393
luad_tcga_pan_can_atlas_2018	TCGA-L9-A444-01	4103.2	782.84	9.8709	7112.38	315.11
luad_tcga_pan_can_atlas_2018	TCGA-L9-A50W-01	1943.93	965.247	0.3751	5995.56	13.5052
luad_tcga_pan_can_atlas_2018	TCGA-L9-A5IP-01	2096.64	2212.09	1.3146	2754.6	98.5977
luad_tcga_pan_can_atlas_2018	TCGA-L9-A743-01	899.877	923.513	4.2493	6525.97	143.06
luad_tcga_pan_can_atlas_2018	TCGA-L9-A7SV-01	2421.66	1391.55	1.8861	17247.5	23.0102
luad_tcga_pan_can_atlas_2018	TCGA-L9-A8F4-01	296.116	744.087	2.9278	17517.6	57.7201
luad_tcga_pan_can_atlas_2018	TCGA-MN-A4N1-01	911.142	1578.89	0.831	11110	23.6834
luad_tcga_pan_can_atlas_2018	TCGA-MN-A4N4-01	733.162	1152.16	10.0898	8735.35	29.3084
luad_tcga_pan_can_atlas_2018	TCGA-MN-A4N5-01	1014.13	2690.55	9.8425	13349.2	225.591
luad_tcga_pan_can_atlas_2018	TCGA-MP-A4SV-01	1379.59	1791.36	2.5652	7660.97	137.238
luad_tcga_pan_can_atlas_2018	TCGA-MP-A4SW-01	2698.04	1328.78	5.4645	6528.69	51.0018
luad_tcga_pan_can_atlas_2018	TCGA-MP-A4SY-01	1039.01	1941.68	15.1525	7670.19	144.165
luad_tcga_pan_can_atlas_2018	TCGA-MP-A4T2-01	NA	NA	NA	NA	NA
luad_tcga_pan_can_atlas_2018	TCGA-MP-A4T4-01	1283.67	1234.9	9.1832	5888.35	550.508
luad_tcga_pan_can_atlas_2018	TCGA-MP-A4T6-01	2308.78	610.43	6.9533	12286.2	36.5965
luad_tcga_pan_can_atlas_2018	TCGA-MP-A4T7-01	614.026	1163.66	6.1756	7245.3	32.6424
luad_tcga_pan_can_atlas_2018	TCGA-MP-A4T8-01	571.964	1853.23	2.9396	8082.73	15.958
luad_tcga_pan_can_atlas_2018	TCGA-MP-A4T9-01	5027.05	1442.85	13.9387	10127.8	121.864
luad_tcga_pan_can_atlas_2018	TCGA-MP-A4TA-01	570.37	709.736	3.6355	6046.28	39.9908
luad_tcga_pan_can_atlas_2018	TCGA-MP-A4TC-01	1037.31	830.755	10.0091	7540.49	329.845
luad_tcga_pan_can_atlas_2018	TCGA-MP-A4TD-01	307.999	1454.41	2.4643	6513.55	18.7284
luad_tcga_pan_can_atlas_2018	TCGA-MP-A4TE-01	557.7	2249.78	0.4405	8855.07	20.7048
luad_tcga_pan_can_atlas_2018	TCGA-MP-A4TF-01	4560.32	29832.8	8.9723	3989.4	223.491
luad_tcga_pan_can_atlas_2018	TCGA-MP-A4TH-01	880.996	1113.01	2.7675	6694.65	55.3506
luad_tcga_pan_can_atlas_2018	TCGA-MP-A4TI-01	523.828	1517.67	3.5879	3039.94	346.485
luad_tcga_pan_can_atlas_2018	TCGA-MP-A4TJ-01	910.035	1753.71	7.8603	5495.2	267.249
luad_tcga_pan_can_atlas_2018	TCGA-MP-A4TK-01	2846.4	1613.67	31.6989	6424.47	44.0812
luad_tcga_pan_can_atlas_2018	TCGA-MP-A5C7-01	541.546	1635.85	0	7974.27	11.2045
luad_tcga_pan_can_atlas_2018	TCGA-NJ-A4YF-01	213.846	1654.92	0	6031.59	7.8979
luad_tcga_pan_can_atlas_2018	TCGA-NJ-A4YG-01	494.209	1681.29	9.2379	8498.27	49.6536
luad_tcga_pan_can_atlas_2018	TCGA-NJ-A4YI-01	1411.18	1720.71	1.3427	7600.54	145.015
luad_tcga_pan_can_atlas_2018	TCGA-NJ-A4YP-01	237.546	1148.12	2.0325	7147.1	30.9959
luad_tcga_pan_can_atlas_2018	TCGA-NJ-A4YQ-01	357.188	553.045	7.533	11151.9	82.2348
luad_tcga_pan_can_atlas_2018	TCGA-NJ-A55A-01	1779.85	1139.09	2.6226	5340.5	60.32
luad_tcga_pan_can_atlas_2018	TCGA-NJ-A55O-01	527.415	1297.55	21.5869	5593.35	117.269
luad_tcga_pan_can_atlas_2018	TCGA-NJ-A55R-01	394.303	1496.01	9.3711	2630.38	27.6326
luad_tcga_pan_can_atlas_2018	TCGA-NJ-A7XG-01	556.355	1209.85	1.3738	7597.48	14.1958
luad_tcga_pan_can_atlas_2018	TCGA-O1-A52J-01	2734.44	483.732	4.3062	6023.44	51.6746
luad_tcga_pan_can_atlas_2018	TCGA-S2-AA1A-01	459.266	1337.91	3.276	3247.8	66.1747